cuebiq_id,user,pre_disaster_home,fips_code,home_cbg,home_lat,home_lng,home_4326,cbg_centroid,geometry
1001,1001,080130001001,080130001001,080130001001,39.99723216132307,-105.28838331419085,POINT (-105.28838331419085 39.99723216132307),POINT (-105.2885 39.997),"POLYGON ((-105.2985 39.987, -105.2785 39.987, -105.2785 40.007, -105.2985 40.007, -105.2985 39.987))"
1002,1002,080130001002,080130001002,080130001002,39.99721868859673,-105.25162857122206,POINT (-105.25162857122206 39.99721868859673),POINT (-105.2525 39.997),"POLYGON ((-105.2625 39.987, -105.24249999999999 39.987, -105.24249999999999 40.007, -105.2625 40.007, -105.2625 39.987))"
1003,1003,080130002001,080130002001,080130002001,40.033223595548776,-105.28782108643692,POINT (-105.28782108643692 40.033223595548776),POINT (-105.2885 40.033),"POLYGON ((-105.2985 40.023, -105.2785 40.023, -105.2785 40.043, -105.2985 40.043, -105.2985 40.023))"
1004,1004,080130002002,080130002002,080130002002,40.03306757906949,-105.25221088060131,POINT (-105.25221088060131 40.03306757906949),POINT (-105.2525 40.033),"POLYGON ((-105.2625 40.023, -105.24249999999999 40.023, -105.24249999999999 40.043, -105.2625 40.043, -105.2625 40.023))"
1005,1005,080130001001,080130001001,080130001001,39.99763128822584,-105.28995715581985,POINT (-105.28995715581985 39.99763128822584),POINT (-105.2885 39.997),"POLYGON ((-105.2985 39.987, -105.2785 39.987, -105.2785 40.007, -105.2985 40.007, -105.2985 39.987))"
1006,1006,080130001002,080130001002,080130001002,39.99668032878364,-105.25297037265429,POINT (-105.25297037265429 39.99668032878364),POINT (-105.2525 39.997),"POLYGON ((-105.2625 39.987, -105.24249999999999 39.987, -105.24249999999999 40.007, -105.2625 40.007, -105.2625 39.987))"
1007,1007,080130002001,080130002001,080130002001,40.032361122151755,-105.28877514225123,POINT (-105.28877514225123 40.032361122151755),POINT (-105.2885 40.033),"POLYGON ((-105.2985 40.023, -105.2785 40.023, -105.2785 40.043, -105.2985 40.043, -105.2985 40.023))"
1008,1008,080130002002,080130002002,080130002002,40.03449494131124,-105.25336583111569,POINT (-105.25336583111569 40.03449494131124),POINT (-105.2525 40.033),"POLYGON ((-105.2625 40.023, -105.24249999999999 40.023, -105.24249999999999 40.043, -105.2625 40.043, -105.2625 40.023))"
1009,1009,080130001001,080130001001,080130001001,39.99796827835459,-105.29018286977161,POINT (-105.29018286977161 39.99796827835459),POINT (-105.2885 39.997),"POLYGON ((-105.2985 39.987, -105.2785 39.987, -105.2785 40.007, -105.2985 40.007, -105.2985 39.987))"
1010,1010,080130001002,080130001002,080130001002,39.996665114970014,-105.25233724693489,POINT (-105.25233724693489 39.996665114970014),POINT (-105.2525 39.997),"POLYGON ((-105.2625 39.987, -105.24249999999999 39.987, -105.24249999999999 40.007, -105.2625 40.007, -105.2625 39.987))"
1011,1011,080130002001,080130002001,080130002001,40.03358622233136,-105.2877887734202,POINT (-105.2877887734202 40.03358622233136),POINT (-105.2885 40.033),"POLYGON ((-105.2985 40.023, -105.2785 40.023, -105.2785 40.043, -105.2985 40.043, -105.2985 40.023))"
1012,1012,080130002002,080130002002,080130002002,40.0337933472352,-105.25284872507224,POINT (-105.25284872507224 40.0337933472352),POINT (-105.2525 40.033),"POLYGON ((-105.2625 40.023, -105.24249999999999 40.023, -105.24249999999999 40.043, -105.2625 40.043, -105.2625 40.023))"
1013,1013,080130001001,080130001001,080130001001,39.99653764820734,-105.28764202411874,POINT (-105.28764202411874 39.99653764820734),POINT (-105.2885 39.997),"POLYGON ((-105.2985 39.987, -105.2785 39.987, -105.2785 40.007, -105.2985 40.007, -105.2985 39.987))"
1014,1014,080130001002,080130001002,080130001002,39.99680869567512,-105.25377568632334,POINT (-105.25377568632334 39.99680869567512),POINT (-105.2525 39.997),"POLYGON ((-105.2625 39.987, -105.24249999999999 39.987, -105.24249999999999 40.007, -105.2625 40.007, -105.2625 39.987))"
1015,1015,080130002001,080130002001,080130002001,40.031866712786,-105.289419452286,POINT (-105.289419452286 40.031866712786),POINT (-105.2885 40.033),"POLYGON ((-105.2985 40.023, -105.2785 40.023, -105.2785 40.043, -105.2985 40.043, -105.2985 40.023))"
1016,1016,080130002002,080130002002,080130002002,40.033497160744055,-105.25235757426393,POINT (-105.25235757426393 40.033497160744055),POINT (-105.2525 40.033),"POLYGON ((-105.2625 40.023, -105.24249999999999 40.023, -105.24249999999999 40.043, -105.2625 40.043, -105.2625 40.023))"
1017,1017,080130001001,080130001001,080130001001,39.99769048535407,-105.28892725264633,POINT (-105.28892725264633 39.99769048535407),POINT (-105.2885 39.997),"POLYGON ((-105.2985 39.987, -105.2785 39.987, -105.2785 40.007, -105.2985 40.007, -105.2985 39.987))"
1018,1018,080130001002,080130001002,080130001002,39.99715853969108,-105.25187440960603,POINT (-105.25187440960603 39.99715853969108),POINT (-105.2525 39.997),"POLYGON ((-105.2625 39.987, -105.24249999999999 39.987, -105.24249999999999 40.007, -105.2625 40.007, -105.2625 39.987))"
1019,1019,080130002001,080130002001,080130002001,40.03269065346028,-105.28804322476245,POINT (-105.28804322476245 40.03269065346028),POINT (-105.2885 40.033),"POLYGON ((-105.2985 40.023, -105.2785 40.023, -105.2785 40.043, -105.2985 40.043, -105.2985 40.023))"
1020,1020,080130002002,080130002002,080130002002,40.032338074058934,-105.25286305384657,POINT (-105.25286305384657 40.032338074058934),POINT (-105.2525 40.033),"POLYGON ((-105.2625 40.023, -105.24249999999999 40.023, -105.24249999999999 40.043, -105.2625 40.043, -105.2625 40.023))"
1021,1021,080130001001,080130001001,080130001001,39.996618262106004,-105.28969583964559,POINT (-105.28969583964559 39.996618262106004),POINT (-105.2885 39.997),"POLYGON ((-105.2985 39.987, -105.2785 39.987, -105.2785 40.007, -105.2985 40.007, -105.2985 39.987))"
1022,1022,080130001002,080130001002,080130001002,39.997486972480786,-105.2529694023402,POINT (-105.2529694023402 39.997486972480786),POINT (-105.2525 39.997),"POLYGON ((-105.2625 39.987, -105.24249999999999 39.987, -105.24249999999999 40.007, -105.2625 40.007, -105.2625 39.987))"
1023,1023,080130002001,080130002001,080130002001,40.03301249411873,-105.28801925334109,POINT (-105.28801925334109 40.03301249411873),POINT (-105.2885 40.033),"POLYGON ((-105.2985 40.023, -105.2785 40.023, -105.2785 40.043, -105.2985 40.043, -105.2985 40.023))"
1024,1024,080130002002,080130002002,080130002002,40.03344653117603,-105.25183461489102,POINT (-105.25183461489102 40.03344653117603),POINT (-105.2525 40.033),"POLYGON ((-105.2625 40.023, -105.24249999999999 40.023, -105.24249999999999 40.043, -105.2625 40.043, -105.2625 40.023))"
